200 100
2
5
6
8
12
4
7
5
6
12
3
6
7
9
13
5
8
6
7
13
4
7
8
10
14
6
9
7
8
14
5
8
9
11
15
7
10
8
9
15
6
9
10
12
16
8
11
9
10
16
7
10
11
13
17
9
12
10
11
17
8
11
12
14
18
10
13
11
12
18
9
12
13
15
19
11
14
12
13
19
10
13
14
16
20
12
15
13
14
20
11
14
15
17
21
13
16
14
15
21
12
15
16
18
22
14
17
15
16
22
13
16
17
19
23
15
18
16
17
23
14
17
18
20
24
16
19
17
18
24
15
18
19
21
25
17
20
18
19
25
16
19
20
22
26
18
21
19
20
26
17
20
21
23
27
19
22
20
21
27
18
21
22
24
28
20
23
21
22
28
19
22
23
25
29
21
24
22
23
29
20
23
24
26
30
22
25
23
24
30
21
24
25
27
31
23
26
24
25
31
1
1
2
3
4
1
1
2
3
4
1
1
2
3
4
1
1
2
3
4
1
1
2
3
4
1
1
2
3
4
1
1
2
3
4
1
1
2
3
4
1
1
2
3
4
1
1
2
3
4
1
1
2
3
4
1
1
2
3
4
1
1
2
3
4
1
1
2
3
4
1
1
2
3
4
1
1
2
3
4
1
1
2
3
4
1
1
2
3
4
1
1
2
3
4
1
1
2
3
4
